0
0.063041
0.12583
0.18812
0.24966
0.31021
0.36953
0.42737
0.48351
0.53774
0.58982
0.63955
0.68674
0.7312
0.77275
0.81123
0.84648
0.87836
0.90674
0.93152
0.9526
0.96988
0.98331
0.99282
0.99839
0.99998
0.9976
0.99124
0.98094
0.96674
0.9487
0.92688
0.90137
0.87228
0.83972
0.80382
0.76471
0.72257
0.67755
0.62984
0.57962
0.5271
0.47248
0.41598
0.35782
0.29824
0.23748
0.17577
0.11336
0.050495
-0.012566
-0.075577
-0.13829
-0.20045
-0.26181
-0.32213
-0.38117
-0.4387
-0.49448
-0.54829
-0.59992
-0.64916
-0.69582
-0.73972
-0.78067
-0.81851
-0.8531
-0.88429
-0.91197
-0.93602
-0.95635
-0.97287
-0.98552
-0.99425
-0.99902
-0.99982
-0.99665
-0.9895
-0.97843
-0.96345
-0.94465
-0.92209
-0.89586
-0.86607
-0.83283
-0.79628
-0.75656
-0.71383
-0.66826
-0.62003
-0.56934
-0.51638
-0.46136
-0.40452
-0.34606
-0.28622
-0.22525
-0.16338
-0.10086
-0.037941
0.02513
0.088102
0.15072
0.21274
0.27392
0.334
0.39276
0.44996
0.50536
0.55875
0.60992
0.65867
0.70479
0.74811
0.78846
0.82567
0.85959
0.89009
0.91705
0.94037
0.95994
0.9757
0.98757
0.99551
0.9995
0.99951
0.99554
0.98761
0.97575
0.96001
0.94045
0.91715
0.89021
0.85972
0.82581
0.78861
0.74828
0.70497
0.65886
0.61012
0.55896
0.50558
0.45018
0.39299
0.33424
0.27416
0.21299
0.15097
0.088352
0.025381
-0.03769
-0.10061
-0.16313
-0.22501
-0.28598
-0.34582
-0.40429
-0.46114
-0.51616
-0.56913
-0.61983
-0.66807
-0.71365
-0.75639
-0.79612
-0.83269
-0.86594
-0.89575
-0.92199
-0.94457
-0.96339
-0.97837
-0.98947
-0.99662
-0.99982
-0.99903
-0.99427
-0.98556
-0.97292
-0.95642
-0.93611
-0.91207
-0.88441
-0.85323
-0.81866
-0.78082
-0.73988
-0.696
-0.64935
-0.60012
-0.5485
-0.49469
-0.43892
-0.38141
-0.32237
-0.26205
-0.20069
-0.13854
-0.075828
-0.012817
0.050244
0.11311
0.17552
0.23723
0.298
0.35759
0.41575
0.47226
0.52688
0.57942
0.62965
0.67737
0.7224
0.76455
0.80367
0.83958
0.87216
0.90126
0.92679
0.94862
0.96668
0.9809
0.99121
0.99758
0.99998
0.9984
0.99285
0.98335
0.96994
0.95267
0.93162
0.90685
0.87848
0.84661
0.81137
0.77291
0.73137
0.68693
0.63974
0.59002
0.53795
0.48373
0.4276
0.36976
0.31045
0.24991
0.18837
0.12608
0.063292
0.00025133
-0.062791
-0.12558
-0.18788
-0.24942
-0.30997
-0.36929
-0.42714
-0.48329
-0.53752
-0.58961
-0.63936
-0.68656
-0.73103
-0.77259
-0.81108
-0.84634
-0.87824
-0.90664
-0.93143
-0.95252
-0.96982
-0.98326
-0.99279
-0.99837
-0.99998
-0.99761
-0.99127
-0.98099
-0.96681
-0.94878
-0.92697
-0.90148
-0.8724
-0.83985
-0.80396
-0.76488
-0.72275
-0.67774
-0.63004
-0.57983
-0.52731
-0.4727
-0.4162
-0.35806
-0.29848
-0.23772
-0.17601
-0.11361
-0.050746
0.012315
0.075327
0.13804
0.2002
0.26157
0.3219
0.38094
0.43847
0.49426
0.54808
0.59972
0.64897
0.69564
0.73955
0.78051
0.81837
0.85297
0.88418
0.91187
0.93593
0.95627
0.97281
0.98547
0.99422
0.99901
0.99983
0.99667
0.98954
0.97848
0.96352
0.94473
0.92219
0.89597
0.86619
0.83297
0.79643
0.75672
0.714
0.66845
0.62023
0.56954
0.51659
0.46159
0.40475
0.34629
0.28646
0.2255
0.16363
0.10111
0.038192
-0.024879
-0.087851
-0.15047
-0.2125
-0.27368
-0.33377
-0.39253
-0.44973
-0.50514
-0.55854
-0.60972
-0.65848
-0.70461
-0.74795
-0.7883
-0.82552
-0.85946
-0.88998
-0.91695
-0.94028
-0.95987
-0.97564
-0.98753
-0.99549
-0.99949
-0.99951
-0.99556
-0.98765
-0.97581
-0.96008
-0.94054
-0.91725
-0.89032
-0.85985
-0.82595
-0.78877
-0.74845
-0.70515
-0.65905
-0.61032
-0.55917
-0.50579
-0.4504
-0.39322
-0.33448
-0.2744
-0.21324
-0.15122
-0.088602
-0.025633
0.037439
0.10036
0.16289
0.22476
0.28574
0.34559
0.40406
0.46092
0.51595
0.56892
0.61964
0.66788
0.71348
0.75623
0.79597
0.83255
0.86582
0.89564
0.9219
0.94449
0.96332
0.97832
0.98943
0.9966
0.99981
0.99904
0.9943
0.9856
0.97298
0.95649
0.9362
0.91218
0.88453
0.85336
0.8188
0.78098
0.74005
0.69618
0.64954
0.60032
0.54871
0.49491
0.43915
0.38164
0.32261
0.2623
0.20094
0.13879
0.076079
0.013069
-0.049993
-0.11286
-0.17527
-0.23699
-0.29776
-0.35735
-0.41552
-0.47203
-0.52667
-0.57921
-0.62945
-0.67718
-0.72222
-0.76439
-0.80352
-0.83945
-0.87204
-0.90116
-0.92669
-0.94854
-0.96662
-0.98085
-0.99117
-0.99756
-0.99998
-0.99842
-0.99288
-0.9834
-0.97
-0.95275
-0.93171
-0.90696
-0.8786
-0.84674
-0.81152
-0.77307
-0.73154
-0.68711
-0.63994
-0.59022
-0.53816
-0.48395
-0.42782
-0.36999
-0.31069
-0.25015
-0.18862
-0.12633
-0.063543
-0.00050265
0.06254
0.12533
0.18763
0.24918
0.30973
0.36906
0.42692
0.48307
0.53731
0.58941
0.63917
0.68638
0.73086
0.77243
0.81093
0.84621
0.87812
0.90653
0.93134
0.95244
0.96976
0.98322
0.99276
0.99836
0.99998
0.99763
0.99131
0.98104
0.96687
0.94886
0.92707
0.90159
0.87253
0.83999
0.80411
0.76504
0.72292
0.67792
0.63023
0.58003
0.52753
0.47292
0.41643
0.35829
0.29872
0.23796
0.17626
0.11386
0.050997
-0.012063
-0.075076
-0.13779
-0.19996
-0.26133
-0.32166
-0.38071
-0.43825
-0.49404
-0.54787
-0.59952
-0.64878
-0.69546
-0.73938
-0.78035
-0.81822
-0.85284
-0.88406
-0.91176
-0.93584
-0.9562
-0.97275
-0.98543
-0.99419
-0.999
-0.99983
-0.99669
-0.98958
-0.97853
-0.96359
-0.94482
-0.92228
-0.89608
-0.86632
-0.83311
-0.79658
-0.75689
-0.71418
-0.66863
-0.62043
-0.56975
-0.51681
-0.46181
-0.40498
-0.34653
-0.28671
-0.22574
-0.16388
-0.10136
-0.038444
0.024628
0.087601
0.15023
0.21225
0.27344
0.33353
0.3923
0.44951
0.50493
0.55834
0.60953
0.65829
0.70444
0.74778
0.78815
0.82538
0.85933
0.88986
0.91685
0.9402
0.9598
0.97559
0.98749
0.99547
0.99948
0.99952
0.99559
0.98769
0.97586
0.96015
0.94063
0.91735
0.89044
0.85997
0.82609
0.78892
0.74861
0.70533
0.65924
0.61052
0.55938
0.50601
0.45063
0.39345
0.33471
0.27464
0.21348
0.15147
0.088853
0.025884
-0.037188
-0.10011
-0.16264
-0.22452
-0.2855
-0.34535
-0.40383
-0.4607
-0.51573
-0.56872
-0.61944
-0.6677
-0.7133
-0.75606
-0.79582
-0.83241
-0.86569
-0.89553
-0.9218
-0.9444
-0.96325
-0.97827
-0.98939
-0.99658
-0.99981
-0.99905
-0.99433
-0.98564
-0.97304
-0.95657
-0.93629
-0.91228
-0.88465
-0.85349
-0.81894
-0.78114
-0.74022
-0.69636
-0.64973
-0.60052
-0.54892
-0.49513
-0.43937
-0.38187
-0.32285
-0.26254
-0.20119
-0.13903
-0.076329
-0.01332
0.049742
0.11261
0.17502
0.23674
0.29752
0.35712
0.41529
0.47181
0.52646
0.57901
0.62926
0.677
0.72205
0.76423
0.80337
0.83931
0.87191
0.90105
0.9266
0.94846
0.96655
0.9808
0.99114
0.99754
0.99998
0.99843
0.99291
0.98345
0.97007
0.95283
0.9318
0.90706
0.87872
0.84688
0.81167
0.77323
0.73172
0.68729
0.64013
0.59043
0.53837
0.48417
0.42805
0.37023
0.31093
0.25039
0.18886
0.12658
0.063794
0.00075398
-0.062289
-0.12508
-0.18738
-0.24893
-0.3095
-0.36883
-0.42669
-0.48285
-0.5371
-0.58921
-0.63897
-0.68619
-0.73069
-0.77227
-0.81079
-0.84607
-0.878
-0.90643
-0.93125
-0.95237
-0.9697
-0.98317
-0.99273
-0.99834
-0.99998
-0.99765
-0.99134
-0.98109
-0.96694
-0.94894
-0.92716
-0.9017
-0.87265
-0.84013
-0.80426
-0.7652
-0.72309
-0.67811
-0.63043
-0.58024
-0.52774
-0.47314
-0.41666
-0.35852
-0.29896
-0.23821
-0.17651
-0.1141
-0.051248
0.011812
0.074826
0.13754
0.19971
0.26108
0.32142
0.38048
0.43802
0.49382
0.54766
0.59931
0.64859
0.69528
0.73921
0.78019
0.81808
0.85271
0.88394
0.91166
0.93575
0.95612
0.97269
0.98539
0.99417
0.99899
0.99984
0.99671
0.98961
0.97858
0.96366
0.9449
0.92238
0.8962
0.86644
0.83325
0.79673
0.75705
0.71436
0.66882
0.62062
0.56996
0.51702
0.46203
0.40521
0.34677
0.28695
0.22598
0.16412
0.10161
0.038695
-0.024376
-0.08735
-0.14998
-0.21201
-0.27319
-0.33329
-0.39207
-0.44928
-0.50471
-0.55813
-0.60933
-0.6581
-0.70426
-0.74761
-0.78799
-0.82524
-0.8592
-0.88975
-0.91675
-0.94011
-0.95973
-0.97553
-0.98745
-0.99544
-0.99947
-0.99953
-0.99561
-0.98773
-0.97592
-0.96022
-0.94071
-0.91745
-0.89055
-0.8601
-0.82623
-0.78908
-0.74878
-0.70551
-0.65942
-0.61072
-0.55959
-0.50623
-0.45085
-0.39369
-0.33495
-0.27489
-0.21373
-0.15172
-0.089103
-0.026135
0.036937
0.099862
0.16239
0.22427
0.28526
0.34511
0.4036
0.46047
0.51552
0.56851
0.61924
0.66751
0.71312
0.7559
0.79567
0.83227
0.86556
0.89541
0.9217
0.94432
0.96319
0.97822
0.98936
0.99656
0.9998
0.99907
0.99435
0.98569
0.9731
0.95664
0.93637
0.91238
0.88476
0.85362
0.81909
0.78129
0.74039
0.69654
0.64993
0.60072
0.54913
0.49535
0.4396
0.3821
0.32309
0.26278
0.20143
0.13928
0.07658
0.013571
-0.049491
-0.11236
-0.17478
-0.2365
-0.29728
-0.35688
-0.41506
-0.47159
-0.52624
-0.5788
-0.62906
-0.67681
-0.72188
-0.76407
-0.80322
-0.83917
-0.87179
-0.90094
-0.9265
-0.94838
-0.96649
-0.98075
-0.99111
-0.99752
-0.99997
-0.99844
-0.99294
-0.98349
-0.97013
-0.9529
-0.93189
-0.90717
-0.87884
-0.84701
-0.81181
-0.77339
-0.73189
-0.68747
-0.64032
-0.59063
-0.53858
-0.48439
-0.42828
-0.37046
-0.31117
-0.25064
-0.18911
-0.12683
-0.064045
-0.0010053
0.062038
0.12483
0.18713
0.24869
